%Derrik Adams
%3/9/18

%% 8-30

qp = 100;
qq = 200;
qs = 25;

 